34653163386162613565323564383934653338646137633937396565306664623239666433626130
6362353866323933353864633738353433393965333463320a316237366237393037626338306434
35383931643537356635396639363535323862663036623331643530643965313265636566306238
6463373133633466360a666639336534363531323664363135643535303962373731316430643134
36386436623233373834613564656139373039616132343133393763363832333230323364313434
63303831376538313830643035663833376238316163613739663934666231363633373438316166
39363633343836376238666164323235653662323133663664646535666234306230643037343330
66643561383330326537393365613863623338323166613062373532383164623661333766353764
31663562613832326134643436366234333732663666353362393564333633396636646137373437
35383338326236623261313438383937313930316635323639326530303930363936613038313838
32663461353963323865396561343032613038316166633931383161323333393538626537373961
34333961333439376239626461643263653463353064643063333565356331353139613839363365
34633332623337613830626463303130646566613236653339313862346635613132363233666363
39303438326135633163343165633462663966616465636665316232333765303130633231623662
32633135356363353632666533386332613835346235663836613836373736346362313838353038
39333764626462616138653035323836616661353430333433643337353730346137646162643963
37633135346533663338646137303833616538376239316463393263666633383530616562646162
32653638616537353035383333356137383165653965383564383831326132383233373632643235
32666136313530393235386530643839646666623864626239616330356630376135346663663232
61393634353562666561363636333335326664353836306664643438323832616538336361653330
33636465336338613439623334396337326631316664316661643365336434663635
